 -727129412
 -305945689
  691514447
 -721948683
  -17988399
-1656241065
-1976234880
 -998024689
-1778978455
  109096446
 1719947312
 -584337629
  522866847
 -109813672
 -285633972
 -827493129
-1835160443
 -902549285
 1000259150
-1012681488
 -649236828
 -509445334
-1281316291
 1434747589
-1168934441
 1059668805
 -826429330
-1393041457
-1968601555
-1586385068
 -639230254
 -409202585
 -313531781
 -140169248
   45758866
 1775451994
 2077332520
 1385174849
   52679014
  -31122834
 1895739662
  201766209
 1012873900
 1787724169
  703391264
-1419925702
  197275482
-1948639636
-1424546506
-1731410029
  742971127
  927484100
 1071232400
-1423645165
-1334856487
  872644593
 1216334287
 -294514308
  300796833
  708834470
-1440669533
 1412307542
 1631081148
-1728489950
   74211182
 -716985971
 -945821514
  310246373
-1592756430
 1868488536
 1579003430
 1173697144
  146694294
 1170842086
-1102799882
 -781086484
  301992826
-1145412201
  720203906
 1432532973
-1475398376
-1847498418
  899921609
 1946487165
 -106815752
   24859543
 -690340162
-2122951872
-1247386149
-1911116295
-1122328945
  485253619
 1776233801
  896765307
-1309342240
 -285853262
 1107932481
  904383495
 -521386839
-2128925712
   98336708
 -476831704
 1383187075
-1250325036
 -443127779
 -462706150
 2009150489
 1412712374
  690936903
 1476624806
  171110810
  598839487
 -988411596
 1598592391
 -891969375
 -110981947
 -397776054
 1024596119
 1791665918
  -30427476
 1583184110
-1499000423
 -806427964
-1129859569
  247539564
-1932180129
  323922547
  420819687
 -439667933
 -649590574
-1403227514
  622609013
  348861197
 1575769760
-2055935422
 2087373435
-1964985637
 1216163823
-1635509208
  854573699
   59308664
-1508699695
-1218728792
 -261962836
  198980886
 -980490890
 -172030540
 1397599949
 2053627745
 1738697059
 -137826211
-2000320889
-1142582631
  417607647
-1272321580
 -455450709
  719264833
 1930149800
 1975549570
-1432715917
 1020372972
  162606381
 1022069670
-2136022517
 2135453582
 -821474362
 -888467037
  322799305
 1827465107
 1003537194
-1567143663
 1522136495
 2107823813
-1457438900
-1757065876
 -986767186
-2059255816
-1979898820
 -591665824
 -760867572
-1474489213
 -676367189
  707765174
 1197726035
 -617368922
-2060856252
  523135550
-1200931499
  283294071
-1374144530
 1000570817
 1135029152
-1960160712
 -661898861
  839747732
-1017215335
-1770470661
 1598236246
  308537555
  100574271
-1868141493
   49903698
  443236825
 1876654836
  645369285
 1673517032
-1535522082
  613696704
-1638312966
  758032972
 1027358423
 -920081691
  288474086
 1709805192
-1316858020
-1109152306
 -985984600
-1430923824
 1899048960
  525661208
-1426624636
 -124014978
  634258426
 1423222772
 1770510451
 -374789687
 1910099155
 -851929530
 2035407227
 1066380843
  838003593
  -48006976
-1369338521
-1892027409
-2121188052
 1048115908
  197805668
-1706381330
   90567374
   74886286
-1377947568
 1625373996
